0.766 0.712 0.134
0.004 0.004 0.043
0.008 0.051 0.029
0.014 0.060 0.029
0.009 0.043 0.033
0.033 0.052 0.033
0.070 0.060 0.031
0.009 0.061 0.031
0.051 0.063 0.029
0.023 0.067 0.029
0.029 0.059 0.032
0.092 0.058 0.031
0.037 0.059 0.032
0.151 0.057 0.033
0.055 0.054 0.033
0.069 0.055 0.033
0.073 0.053 0.040
0.047 0.049 0.038
0.031 0.050 0.034
0.071 0.045 0.038
0.121 0.053 0.036
0.051 0.048 0.041
0.023 0.043 0.037
0.021 0.045 0.036
0.062 0.040 0.037
0.038 0.033 0.036
0.020 0.046 0.036
0.003 0.041 0.035
0.004 0.042 0.034
0.005 0.036 0.033
0.121 0.037 0.032
0.002 0.033 0.032
0.005 0.040 0.034
0.003 0.033 0.031
0.012 0.037 0.031
0.038 0.030 0.035
0.047 0.042 0.031
0.003 0.018 0.032
0.006 0.031 0.034
0.003 0.030 0.032
0.006 0.033 0.032
0.002 0.024 0.030
0.014 0.020 0.029
0.014 0.034 0.028
0.002 0.024 0.028
0.004 0.023 0.026
0.003 0.031 0.026
0.002 0.022 0.026
0.005 0.023 0.025
0.002 0.026 0.029
0.026 0.018 0.025
0.006 0.036 0.025
0.003 0.016 0.024
0.002 0.024 0.024
0.002 0.018 0.023
0.007 0.028 0.024
0.004 0.014 0.022
0.002 0.026 0.021
0.001 0.021 0.021
0.001 0.018 0.020
0.010 0.017 0.020
0.000 0.023 0.019
0.001 0.016 0.019
0.002 0.009 0.018
0.002 0.034 0.019
0.001 0.011 0.018
0.010 0.013 0.019
0.001 0.018 0.017
0.001 0.015 0.017
0.001 0.010 0.016
0.005 0.019 0.016
0.001 0.016 0.015
0.001 0.010 0.016
0.002 0.021 0.015
0.002 0.012 0.016
0.068 0.014 0.015
0.001 0.010 0.015
0.001 0.017 0.014
0.001 0.015 0.015
0.002 0.008 0.014
0.013 0.013 0.013
0.001 0.013 0.013
0.000 0.011 0.013
0.021 0.010 0.013
0.002 0.005 0.013
0.002 0.035 0.013
0.001 0.005 0.012
0.008 0.008 0.012
0.001 0.009 0.012
0.001 0.010 0.012
0.028 0.012 0.012
0.002 0.011 0.012
0.004 0.008 0.012
0.006 0.012 0.012
0.002 0.010 0.011
0.016 0.006 0.011
0.047 0.016 0.011
0.003 0.009 0.011
0.018 0.012 0.011
0.007 0.008 0.011
0.007 0.009 0.011
0.041 0.006 0.011
0.011 0.022 0.011
0.111 0.006 0.010
0.020 0.008 0.010
0.031 0.008 0.010
0.049 0.012 0.010
0.016 0.008 0.010
0.015 0.007 0.010
0.056 0.015 0.010
0.131 0.005 0.010
0.056 0.007 0.010
0.021 0.009 0.012
0.026 0.010 0.010
0.089 0.005 0.010
0.047 0.006 0.010
0.022 0.011 0.009
0.002 0.006 0.009
0.004 0.008 0.009
0.003 0.007 0.009
0.179 0.008 0.009
0.001 0.007 0.009
0.005 0.006 0.009
0.002 0.005 0.009
0.017 0.005 0.009
0.045 0.004 0.009
0.072 0.003 0.009
0.001 0.006 0.009
0.004 0.034 0.009
0.002 0.003 0.008
0.007 0.004 0.008
0.000 0.004 0.008
0.021 0.005 0.008
0.014 0.004 0.008
0.000 0.006 0.008
0.006 0.005 0.008
0.002 0.005 0.008
0.000 0.006 0.008
0.006 0.004 0.008
0.000 0.006 0.008
0.040 0.004 0.009
0.007 0.003 0.008
0.002 0.009 0.009
0.001 0.005 0.008
0.001 0.003 0.009
0.011 0.003 0.008
0.005 0.007 0.008
0.001 0.003 0.008
0.000 0.004 0.008
0.000 0.005 0.008
0.011 0.003 0.008
0.000 0.003 0.008
0.000 0.002 0.008
0.001 0.010 0.009
0.000 0.002 0.009
0.001 0.003 0.009
0.019 0.003 0.009
0.000 0.004 0.009
0.002 0.003 0.009
0.001 0.008 0.009
0.008 0.002 0.009
0.000 0.003 0.009
0.001 0.004 0.009
0.003 0.002 0.009
0.002 0.003 0.010
0.100 0.003 0.010
0.001 0.002 0.010
0.001 0.002 0.010
0.000 0.002 0.010
0.004 0.001 0.010
0.024 0.017 0.010
0.001 0.001 0.010
0.001 0.002 0.010
0.043 0.002 0.010
0.002 0.002 0.009
0.003 0.002 0.010
0.001 0.001 0.010
0.016 0.003 0.010
0.002 0.001 0.010
0.003 0.003 0.010
0.000 0.002 0.010
0.000 0.002 0.010
0.000 0.007 0.010
0.000 0.001 0.010
0.000 0.002 0.010
0.000 0.005 0.010
0.000 0.001 0.010
0.000 0.002 0.010
0.000 0.002 0.010
0.000 0.001 0.010
0.000 0.001 0.010
0.000 0.008 0.011
0.000 0.001 0.011
0.000 0.001 0.011
0.000 0.001 0.011
0.000 0.001 0.011
0.000 0.002 0.010
0.000 0.001 0.011
0.000 0.002 0.010
0.000 0.001 0.010
0.000 0.002 0.010
0.000 0.001 0.010
0.000 0.001 0.010
0.000 0.001 0.010
0.000 0.003 0.010
0.000 0.001 0.010
0.000 0.001 0.010
0.000 0.001 0.010
0.000 0.001 0.010
0.000 0.001 0.010
0.000 0.001 0.010
0.000 0.001 0.010
0.000 0.001 0.011
0.000 0.005 0.010
0.000 0.001 0.010
0.000 0.001 0.010
0.000 0.001 0.010
0.000 0.001 0.011
0.000 0.000 0.011
0.000 0.003 0.011
0.000 0.001 0.013
0.000 0.001 0.010
0.000 0.001 0.010
0.000 0.002 0.010
0.000 0.001 0.010
0.000 0.001 0.012
0.000 0.000 0.010
0.000 0.002 0.010
0.000 0.001 0.010
0.000 0.000 0.010
0.000 0.001 0.012
0.000 0.001 0.010
0.000 0.001 0.010
0.000 0.001 0.011
0.000 0.001 0.010
0.000 0.001 0.011
0.000 0.000 0.010
0.000 0.001 0.011
0.000 0.001 0.010
0.000 0.001 0.012
0.000 0.001 0.009
0.000 0.001 0.008
0.000 0.001 0.010
0.000 0.001 0.008
0.000 0.000 0.008
0.000 0.000 0.008
0.000 0.000 0.007
0.000 0.000 0.008
0.000 0.000 0.008
0.000 0.001 0.008
0.000 0.001 0.009
0.000 0.000 0.008
0.000 0.001 0.009
0.000 0.000 0.009
0.000 0.000 0.014
0.000 0.065 0.080
