0.288 0.278 0.053
0.004 0.004 0.008
0.004 0.023 0.004
0.007 0.022 0.003
0.005 0.011 0.004
0.013 0.018 0.005
0.017 0.021 0.007
0.007 0.017 0.005
0.015 0.020 0.005
0.009 0.016 0.006
0.009 0.016 0.005
0.017 0.013 0.005
0.012 0.012 0.005
0.028 0.012 0.005
0.015 0.011 0.006
0.020 0.011 0.006
0.019 0.010 0.006
0.017 0.010 0.006
0.009 0.011 0.007
0.017 0.013 0.006
0.016 0.011 0.006
0.014 0.010 0.006
0.009 0.010 0.006
0.010 0.011 0.007
0.014 0.010 0.007
0.009 0.009 0.007
0.009 0.011 0.007
0.006 0.009 0.010
0.005 0.010 0.008
0.005 0.009 0.008
0.023 0.009 0.008
0.002 0.009 0.008
0.003 0.009 0.008
0.003 0.009 0.007
0.005 0.009 0.008
0.008 0.009 0.008
0.008 0.010 0.007
0.003 0.009 0.007
0.004 0.009 0.008
0.003 0.008 0.008
0.004 0.009 0.008
0.003 0.008 0.008
0.005 0.008 0.008
0.006 0.009 0.009
0.005 0.009 0.009
0.006 0.009 0.009
0.008 0.012 0.009
0.005 0.009 0.009
0.007 0.009 0.009
0.004 0.009 0.009
0.009 0.009 0.009
0.005 0.010 0.011
0.003 0.010 0.009
0.003 0.012 0.009
0.002 0.009 0.009
0.004 0.010 0.009
0.004 0.009 0.009
0.002 0.011 0.009
0.002 0.011 0.009
0.001 0.010 0.009
0.005 0.012 0.010
0.001 0.014 0.010
0.001 0.012 0.009
0.002 0.012 0.010
0.010 0.014 0.010
0.001 0.011 0.010
0.004 0.012 0.010
0.001 0.011 0.010
0.001 0.013 0.013
0.002 0.015 0.012
0.003 0.011 0.011
0.001 0.013 0.011
0.001 0.010 0.012
0.002 0.012 0.013
0.002 0.011 0.013
0.010 0.012 0.012
0.002 0.010 0.013
0.002 0.011 0.012
0.001 0.013 0.012
0.002 0.012 0.012
0.007 0.011 0.012
0.001 0.011 0.012
0.004 0.010 0.012
0.007 0.012 0.016
0.004 0.010 0.013
0.004 0.018 0.014
0.003 0.010 0.015
0.008 0.010 0.014
0.004 0.010 0.014
0.005 0.010 0.015
0.023 0.012 0.016
0.010 0.011 0.013
0.014 0.010 0.018
0.016 0.019 0.015
0.027 0.011 0.016
0.043 0.010 0.015
0.063 0.013 0.015
0.062 0.010 0.015
0.086 0.013 0.014
0.093 0.010 0.014
0.118 0.011 0.014
0.146 0.010 0.014
0.143 0.015 0.014
0.166 0.011 0.014
0.138 0.011 0.014
0.178 0.010 0.014
0.163 0.012 0.014
0.152 0.011 0.014
0.144 0.011 0.014
0.146 0.018 0.014
0.131 0.010 0.017
0.107 0.013 0.013
0.101 0.011 0.022
0.083 0.011 0.014
0.095 0.013 0.016
0.062 0.011 0.014
0.074 0.011 0.015
0.053 0.011 0.014
0.052 0.011 0.018
0.040 0.011 0.014
0.082 0.012 0.013
0.017 0.010 0.017
0.014 0.012 0.013
0.009 0.010 0.013
0.011 0.010 0.014
0.021 0.010 0.015
0.019 0.010 0.014
0.003 0.009 0.014
0.004 0.021 0.015
0.003 0.010 0.017
0.004 0.010 0.015
0.002 0.010 0.014
0.008 0.010 0.014
0.006 0.010 0.016
0.002 0.011 0.014
0.002 0.011 0.014
0.002 0.012 0.015
0.001 0.012 0.014
0.003 0.012 0.014
0.002 0.011 0.015
0.006 0.012 0.017
0.003 0.011 0.014
0.002 0.012 0.017
0.001 0.012 0.014
0.003 0.010 0.014
0.005 0.011 0.015
0.002 0.012 0.017
0.002 0.011 0.015
0.002 0.013 0.014
0.001 0.012 0.015
0.007 0.013 0.016
0.001 0.012 0.016
0.001 0.011 0.014
0.001 0.013 0.016
0.000 0.010 0.014
0.001 0.011 0.013
0.004 0.012 0.014
0.001 0.012 0.014
0.001 0.011 0.014
0.001 0.012 0.016
0.002 0.010 0.014
0.001 0.013 0.014
0.001 0.013 0.014
0.002 0.011 0.014
0.002 0.012 0.017
0.007 0.012 0.014
0.001 0.011 0.014
0.001 0.011 0.014
0.001 0.011 0.015
0.002 0.012 0.014
0.008 0.019 0.015
0.001 0.010 0.014
0.001 0.013 0.016
0.008 0.011 0.014
0.003 0.014 0.014
0.003 0.015 0.017
0.002 0.011 0.016
0.008 0.013 0.016
0.003 0.012 0.016
0.002 0.013 0.014
0.000 0.011 0.014
0.000 0.014 0.016
0.000 0.014 0.015
0.000 0.012 0.015
0.000 0.014 0.016
0.000 0.016 0.015
0.000 0.013 0.019
0.000 0.015 0.017
0.000 0.015 0.018
0.000 0.014 0.019
0.000 0.015 0.017
0.000 0.018 0.019
0.000 0.014 0.017
0.000 0.014 0.019
0.000 0.017 0.020
0.000 0.015 0.018
0.000 0.017 0.018
0.000 0.014 0.017
0.000 0.015 0.018
0.000 0.014 0.018
0.000 0.015 0.017
0.000 0.014 0.017
0.000 0.017 0.024
0.000 0.015 0.021
0.000 0.019 0.023
0.000 0.014 0.020
0.000 0.014 0.020
0.000 0.014 0.017
0.000 0.014 0.019
0.000 0.017 0.018
0.000 0.013 0.022
0.000 0.014 0.019
0.000 0.013 0.023
0.000 0.018 0.018
0.000 0.016 0.019
0.000 0.014 0.022
0.000 0.012 0.020
0.000 0.011 0.022
0.000 0.013 0.019
0.000 0.016 0.019
0.000 0.014 0.019
0.000 0.015 0.022
0.000 0.014 0.021
0.000 0.015 0.023
0.000 0.016 0.019
0.000 0.015 0.019
0.000 0.022 0.018
0.000 0.016 0.019
0.000 0.016 0.020
0.000 0.014 0.021
0.000 0.017 0.021
0.000 0.014 0.020
0.000 0.019 0.018
0.000 0.017 0.021
0.000 0.017 0.020
0.000 0.016 0.020
0.000 0.016 0.019
0.000 0.016 0.019
0.000 0.016 0.023
0.000 0.018 0.028
0.000 0.021 0.043
0.000 0.022 0.020
0.000 0.018 0.018
0.000 0.020 0.017
0.000 0.020 0.018
0.000 0.020 0.022
0.000 0.023 0.020
0.000 0.021 0.018
0.000 0.023 0.020
0.000 0.026 0.018
0.000 0.029 0.018
0.000 0.032 0.019
0.000 0.039 0.018
0.000 0.041 0.023
0.000 0.031 0.040
0.000 0.294 0.258
