0.333 0.302 0.032
0.007 0.011 0.008
0.009 0.074 0.008
0.012 0.069 0.009
0.010 0.042 0.010
0.032 0.065 0.010
0.048 0.080 0.010
0.013 0.073 0.010
0.049 0.070 0.010
0.029 0.064 0.010
0.032 0.059 0.011
0.081 0.053 0.012
0.045 0.052 0.013
0.139 0.054 0.013
0.063 0.051 0.014
0.086 0.050 0.015
0.089 0.048 0.016
0.079 0.045 0.016
0.053 0.048 0.017
0.087 0.047 0.016
0.104 0.046 0.017
0.083 0.044 0.017
0.071 0.043 0.017
0.054 0.049 0.018
0.084 0.046 0.019
0.061 0.041 0.020
0.077 0.043 0.020
0.031 0.044 0.021
0.035 0.040 0.021
0.039 0.039 0.022
0.144 0.039 0.022
0.040 0.037 0.022
0.057 0.038 0.022
0.056 0.036 0.022
0.079 0.036 0.023
0.141 0.036 0.023
0.113 0.039 0.024
0.077 0.029 0.024
0.087 0.036 0.025
0.087 0.034 0.024
0.093 0.033 0.024
0.081 0.032 0.025
0.106 0.033 0.024
0.119 0.035 0.024
0.091 0.032 0.025
0.094 0.031 0.024
0.098 0.033 0.025
0.069 0.032 0.024
0.089 0.030 0.025
0.071 0.030 0.025
0.095 0.028 0.025
0.075 0.031 0.025
0.060 0.029 0.025
0.060 0.030 0.025
0.045 0.026 0.025
0.075 0.029 0.025
0.075 0.026 0.026
0.048 0.035 0.024
0.046 0.029 0.024
0.054 0.027 0.025
0.107 0.027 0.025
0.053 0.027 0.025
0.052 0.026 0.026
0.059 0.030 0.026
0.043 0.033 0.026
0.046 0.024 0.026
0.069 0.023 0.026
0.049 0.025 0.026
0.047 0.025 0.026
0.052 0.022 0.027
0.046 0.027 0.029
0.041 0.024 0.027
0.045 0.023 0.027
0.064 0.026 0.027
0.062 0.026 0.029
0.082 0.026 0.027
0.047 0.025 0.029
0.043 0.026 0.027
0.041 0.026 0.027
0.031 0.021 0.028
0.081 0.024 0.028
0.029 0.024 0.028
0.029 0.023 0.028
0.051 0.027 0.028
0.043 0.023 0.027
0.041 0.035 0.027
0.025 0.021 0.029
0.050 0.025 0.027
0.025 0.025 0.026
0.019 0.027 0.027
0.060 0.027 0.028
0.020 0.026 0.026
0.022 0.024 0.028
0.020 0.029 0.026
0.020 0.028 0.026
0.035 0.023 0.029
0.045 0.029 0.027
0.011 0.023 0.027
0.033 0.027 0.027
0.013 0.026 0.026
0.011 0.026 0.027
0.033 0.025 0.027
0.013 0.028 0.028
0.051 0.023 0.030
0.018 0.024 0.028
0.022 0.023 0.027
0.028 0.026 0.036
0.018 0.023 0.027
0.015 0.022 0.027
0.030 0.028 0.027
0.047 0.023 0.026
0.033 0.022 0.028
0.016 0.022 0.031
0.016 0.024 0.032
0.036 0.023 0.026
0.020 0.026 0.026
0.013 0.024 0.028
0.002 0.021 0.026
0.002 0.023 0.026
0.005 0.022 0.026
0.064 0.022 0.026
0.001 0.023 0.026
0.004 0.024 0.025
0.002 0.023 0.026
0.009 0.022 0.026
0.019 0.020 0.029
0.023 0.020 0.028
0.002 0.020 0.029
0.004 0.037 0.027
0.002 0.020 0.027
0.004 0.020 0.026
0.001 0.023 0.026
0.010 0.020 0.027
0.012 0.022 0.028
0.000 0.022 0.027
0.003 0.022 0.027
0.001 0.021 0.027
0.000 0.024 0.029
0.003 0.022 0.030
0.000 0.023 0.028
0.016 0.023 0.031
0.003 0.024 0.028
0.002 0.025 0.027
0.001 0.023 0.030
0.001 0.020 0.028
0.008 0.020 0.027
0.004 0.022 0.027
0.001 0.022 0.027
0.001 0.020 0.027
0.000 0.024 0.027
0.009 0.018 0.028
0.000 0.020 0.029
0.001 0.019 0.029
0.002 0.023 0.035
0.000 0.018 0.029
0.001 0.019 0.027
0.009 0.019 0.028
0.001 0.017 0.028
0.002 0.019 0.029
0.001 0.021 0.027
0.004 0.016 0.033
0.001 0.021 0.029
0.001 0.019 0.030
0.003 0.018 0.028
0.003 0.017 0.033
0.034 0.018 0.028
0.001 0.018 0.028
0.001 0.018 0.028
0.001 0.016 0.028
0.004 0.014 0.034
0.015 0.028 0.028
0.001 0.013 0.029
0.001 0.017 0.032
0.017 0.017 0.029
0.003 0.016 0.032
0.003 0.015 0.028
0.003 0.016 0.029
0.015 0.018 0.031
0.006 0.014 0.029
0.005 0.017 0.029
0.000 0.014 0.030
0.000 0.015 0.027
0.000 0.020 0.030
0.000 0.017 0.029
0.000 0.014 0.029
0.000 0.019 0.028
0.000 0.015 0.028
0.000 0.015 0.030
0.000 0.015 0.028
0.000 0.014 0.029
0.000 0.015 0.028
0.000 0.023 0.031
0.000 0.011 0.032
0.000 0.017 0.029
0.000 0.015 0.031
0.000 0.014 0.030
0.000 0.015 0.030
0.000 0.013 0.031
0.000 0.014 0.030
0.000 0.011 0.033
0.000 0.014 0.030
0.000 0.012 0.031
0.000 0.011 0.031
0.000 0.012 0.031
0.000 0.014 0.031
0.000 0.012 0.032
0.000 0.012 0.035
0.000 0.011 0.033
0.000 0.012 0.032
0.000 0.013 0.033
0.000 0.012 0.031
0.000 0.012 0.034
0.000 0.013 0.031
0.000 0.015 0.032
0.000 0.011 0.031
0.000 0.012 0.032
0.000 0.012 0.032
0.000 0.011 0.035
0.000 0.010 0.034
0.000 0.014 0.036
0.000 0.011 0.031
0.000 0.012 0.029
0.000 0.011 0.029
0.000 0.012 0.028
0.000 0.013 0.028
0.000 0.013 0.027
0.000 0.015 0.030
0.000 0.013 0.026
0.000 0.012 0.027
0.000 0.013 0.027
0.000 0.015 0.028
0.000 0.011 0.025
0.000 0.011 0.027
0.000 0.012 0.025
0.000 0.014 0.024
0.000 0.013 0.028
0.000 0.011 0.025
0.000 0.012 0.023
0.000 0.012 0.026
0.000 0.013 0.027
0.000 0.013 0.022
0.000 0.013 0.022
0.000 0.015 0.022
0.000 0.014 0.024
0.000 0.014 0.024
0.000 0.015 0.027
0.000 0.020 0.024
0.000 0.017 0.020
0.000 0.021 0.022
0.000 0.023 0.020
0.000 0.022 0.021
0.000 0.027 0.022
0.000 0.027 0.024
0.000 0.032 0.026
0.000 0.017 0.047
0.000 0.309 0.217
