0.655 0.310 0.079
0.156 0.004 0.016
0.140 0.019 0.010
0.093 0.017 0.009
0.067 0.013 0.011
0.062 0.015 0.010
0.057 0.014 0.011
0.033 0.013 0.011
0.049 0.015 0.011
0.036 0.017 0.010
0.032 0.014 0.010
0.048 0.012 0.011
0.029 0.012 0.010
0.059 0.012 0.009
0.029 0.012 0.011
0.037 0.012 0.010
0.031 0.013 0.011
0.022 0.011 0.010
0.015 0.013 0.011
0.023 0.012 0.012
0.032 0.014 0.011
0.017 0.012 0.010
0.015 0.012 0.011
0.011 0.012 0.010
0.020 0.013 0.010
0.012 0.011 0.010
0.013 0.013 0.010
0.005 0.012 0.011
0.006 0.012 0.011
0.006 0.010 0.013
0.030 0.011 0.012
0.003 0.010 0.012
0.006 0.010 0.012
0.006 0.010 0.016
0.007 0.011 0.012
0.016 0.009 0.012
0.014 0.013 0.012
0.005 0.008 0.012
0.007 0.013 0.011
0.007 0.011 0.017
0.009 0.010 0.012
0.006 0.010 0.013
0.010 0.009 0.012
0.012 0.012 0.011
0.007 0.010 0.011
0.008 0.010 0.012
0.009 0.012 0.014
0.005 0.009 0.011
0.008 0.010 0.011
0.004 0.011 0.011
0.012 0.009 0.012
0.005 0.012 0.012
0.004 0.009 0.011
0.004 0.010 0.011
0.003 0.011 0.011
0.005 0.010 0.011
0.004 0.008 0.011
0.003 0.010 0.012
0.002 0.009 0.012
0.002 0.008 0.011
0.008 0.008 0.012
0.002 0.009 0.011
0.002 0.008 0.012
0.003 0.006 0.012
0.009 0.012 0.012
0.002 0.007 0.012
0.006 0.007 0.012
0.003 0.010 0.012
0.003 0.008 0.012
0.004 0.006 0.012
0.005 0.009 0.012
0.003 0.008 0.012
0.003 0.012 0.014
0.004 0.010 0.012
0.004 0.008 0.012
0.017 0.008 0.012
0.002 0.007 0.012
0.002 0.009 0.012
0.001 0.011 0.012
0.001 0.009 0.012
0.007 0.009 0.012
0.001 0.009 0.012
0.001 0.008 0.012
0.006 0.009 0.012
0.002 0.007 0.011
0.001 0.015 0.012
0.001 0.007 0.012
0.005 0.008 0.012
0.001 0.009 0.015
0.001 0.009 0.012
0.012 0.009 0.013
0.001 0.009 0.013
0.005 0.008 0.012
0.003 0.016 0.012
0.002 0.009 0.012
0.011 0.008 0.013
0.013 0.010 0.012
0.002 0.008 0.012
0.012 0.010 0.012
0.008 0.008 0.012
0.008 0.009 0.012
0.018 0.008 0.015
0.008 0.012 0.012
0.030 0.008 0.012
0.011 0.008 0.012
0.014 0.008 0.012
0.022 0.010 0.013
0.009 0.008 0.013
0.008 0.008 0.012
0.014 0.011 0.012
0.024 0.007 0.012
0.018 0.008 0.012
0.012 0.009 0.020
0.008 0.009 0.012
0.022 0.008 0.012
0.013 0.008 0.012
0.009 0.010 0.013
0.002 0.008 0.013
0.003 0.010 0.012
0.004 0.009 0.013
0.041 0.009 0.013
0.000 0.009 0.013
0.003 0.009 0.013
0.001 0.008 0.013
0.005 0.009 0.012
0.016 0.008 0.016
0.016 0.008 0.014
0.001 0.009 0.012
0.003 0.026 0.012
0.002 0.008 0.017
0.003 0.009 0.012
0.001 0.010 0.012
0.007 0.009 0.013
0.006 0.010 0.013
0.001 0.010 0.013
0.003 0.010 0.013
0.002 0.010 0.014
0.001 0.010 0.013
0.004 0.010 0.013
0.001 0.011 0.013
0.013 0.010 0.013
0.004 0.012 0.013
0.002 0.012 0.013
0.002 0.010 0.013
0.002 0.010 0.013
0.006 0.009 0.013
0.004 0.012 0.013
0.002 0.010 0.013
0.002 0.011 0.016
0.001 0.011 0.015
0.008 0.010 0.015
0.001 0.010 0.014
0.002 0.010 0.014
0.003 0.015 0.014
0.002 0.009 0.014
0.003 0.012 0.014
0.011 0.010 0.014
0.003 0.010 0.014
0.007 0.010 0.014
0.005 0.014 0.015
0.007 0.010 0.014
0.006 0.011 0.014
0.006 0.011 0.016
0.008 0.011 0.014
0.010 0.011 0.014
0.025 0.012 0.015
0.008 0.011 0.014
0.010 0.012 0.014
0.010 0.012 0.015
0.015 0.010 0.015
0.031 0.019 0.019
0.017 0.010 0.024
0.023 0.011 0.015
0.055 0.011 0.015
0.056 0.013 0.017
0.094 0.011 0.018
0.129 0.011 0.018
0.175 0.013 0.016
0.203 0.011 0.015
0.211 0.013 0.014
0.000 0.012 0.015
0.000 0.012 0.015
0.000 0.015 0.014
0.000 0.013 0.014
0.000 0.013 0.014
0.000 0.014 0.015
0.000 0.012 0.015
0.000 0.013 0.015
0.000 0.014 0.015
0.000 0.013 0.014
0.000 0.013 0.021
0.000 0.018 0.014
0.000 0.012 0.015
0.000 0.012 0.017
0.000 0.013 0.015
0.000 0.013 0.015
0.000 0.013 0.016
0.000 0.013 0.018
0.000 0.014 0.017
0.000 0.013 0.018
0.000 0.014 0.019
0.000 0.013 0.018
0.000 0.015 0.018
0.000 0.015 0.014
0.000 0.021 0.018
0.000 0.013 0.018
0.000 0.013 0.015
0.000 0.014 0.015
0.000 0.014 0.017
0.000 0.017 0.014
0.000 0.020 0.014
0.000 0.014 0.015
0.000 0.014 0.016
0.000 0.023 0.017
0.000 0.017 0.015
0.000 0.017 0.017
0.000 0.021 0.015
0.000 0.019 0.014
0.000 0.016 0.019
0.000 0.021 0.014
0.000 0.018 0.018
0.000 0.019 0.014
0.000 0.019 0.014
0.000 0.020 0.015
0.000 0.026 0.016
0.000 0.021 0.019
0.000 0.016 0.018
0.000 0.021 0.014
0.000 0.016 0.017
0.000 0.015 0.018
0.000 0.020 0.018
0.000 0.017 0.013
0.000 0.016 0.014
0.000 0.014 0.016
0.000 0.013 0.013
0.000 0.017 0.018
0.000 0.015 0.015
0.000 0.014 0.021
0.000 0.014 0.015
0.000 0.014 0.013
0.000 0.015 0.015
0.000 0.018 0.013
0.000 0.016 0.014
0.000 0.016 0.011
0.000 0.018 0.011
0.000 0.015 0.013
0.000 0.017 0.017
0.000 0.021 0.015
0.000 0.020 0.011
0.000 0.028 0.011
0.000 0.026 0.012
0.000 0.026 0.014
0.000 0.031 0.018
0.000 0.036 0.026
0.000 0.032 0.047
0.000 0.314 0.218
