0.667 0.642 0.007
0.003 0.013 0.002
0.004 0.278 0.002
0.009 0.271 0.002
0.006 0.154 0.002
0.019 0.158 0.002
0.064 0.262 0.002
0.003 0.191 0.002
0.033 0.167 0.002
0.008 0.151 0.002
0.009 0.127 0.002
0.070 0.110 0.002
0.017 0.093 0.002
0.157 0.087 0.002
0.051 0.077 0.002
0.054 0.071 0.002
0.079 0.061 0.002
0.042 0.058 0.002
0.031 0.054 0.002
0.099 0.047 0.002
0.158 0.045 0.002
0.094 0.041 0.002
0.046 0.037 0.002
0.036 0.035 0.002
0.119 0.032 0.002
0.077 0.028 0.002
0.038 0.028 0.002
0.004 0.025 0.002
0.006 0.023 0.003
0.004 0.022 0.003
0.193 0.021 0.003
0.001 0.020 0.003
0.009 0.018 0.003
0.003 0.017 0.003
0.025 0.017 0.003
0.069 0.016 0.003
0.102 0.016 0.003
0.004 0.012 0.003
0.008 0.013 0.003
0.005 0.012 0.003
0.009 0.011 0.003
0.002 0.010 0.003
0.022 0.010 0.003
0.019 0.010 0.003
0.001 0.009 0.003
0.004 0.009 0.003
0.002 0.009 0.003
0.001 0.008 0.003
0.007 0.008 0.003
0.001 0.008 0.003
0.037 0.007 0.003
0.006 0.008 0.003
0.002 0.006 0.003
0.001 0.006 0.003
0.001 0.006 0.003
0.014 0.007 0.003
0.003 0.005 0.003
0.002 0.006 0.003
0.000 0.005 0.003
0.000 0.005 0.003
0.007 0.005 0.003
0.000 0.005 0.003
0.001 0.004 0.003
0.003 0.004 0.003
0.002 0.006 0.003
0.001 0.004 0.003
0.014 0.004 0.003
0.001 0.004 0.003
0.003 0.004 0.003
0.002 0.003 0.003
0.007 0.004 0.003
0.001 0.004 0.003
0.001 0.003 0.003
0.003 0.004 0.003
0.003 0.003 0.003
0.076 0.003 0.003
0.002 0.003 0.003
0.001 0.003 0.003
0.000 0.003 0.003
0.002 0.002 0.003
0.016 0.003 0.003
0.000 0.003 0.003
0.000 0.002 0.003
0.028 0.003 0.003
0.002 0.002 0.003
0.002 0.004 0.003
0.001 0.002 0.003
0.009 0.002 0.003
0.001 0.002 0.003
0.002 0.002 0.003
0.031 0.003 0.003
0.002 0.003 0.003
0.002 0.002 0.003
0.005 0.004 0.004
0.002 0.002 0.003
0.014 0.002 0.003
0.039 0.003 0.004
0.001 0.002 0.003
0.016 0.002 0.004
0.003 0.002 0.004
0.003 0.002 0.004
0.033 0.002 0.004
0.004 0.003 0.004
0.085 0.002 0.004
0.017 0.002 0.004
0.014 0.002 0.004
0.035 0.002 0.004
0.008 0.002 0.004
0.009 0.002 0.004
0.042 0.002 0.004
0.123 0.001 0.004
0.035 0.002 0.004
0.008 0.002 0.006
0.011 0.002 0.004
0.077 0.001 0.004
0.035 0.001 0.004
0.011 0.002 0.004
0.001 0.001 0.005
0.002 0.002 0.005
0.002 0.001 0.005
0.154 0.001 0.005
0.000 0.001 0.005
0.004 0.001 0.005
0.003 0.001 0.005
0.011 0.001 0.005
0.034 0.001 0.006
0.063 0.001 0.006
0.001 0.001 0.006
0.003 0.003 0.006
0.001 0.001 0.006
0.004 0.001 0.006
0.000 0.001 0.006
0.017 0.001 0.006
0.008 0.001 0.007
0.000 0.001 0.007
0.002 0.001 0.007
0.002 0.001 0.007
0.000 0.001 0.007
0.002 0.001 0.007
0.000 0.001 0.008
0.036 0.001 0.008
0.003 0.001 0.008
0.001 0.001 0.008
0.000 0.001 0.008
0.000 0.001 0.009
0.006 0.001 0.009
0.002 0.001 0.009
0.000 0.001 0.009
0.000 0.001 0.010
0.000 0.001 0.010
0.005 0.001 0.010
0.000 0.001 0.010
0.000 0.001 0.010
0.000 0.001 0.010
0.000 0.001 0.011
0.000 0.001 0.011
0.008 0.001 0.011
0.000 0.001 0.011
0.000 0.001 0.012
0.000 0.001 0.012
0.003 0.001 0.012
0.000 0.001 0.012
0.000 0.001 0.013
0.001 0.001 0.013
0.001 0.001 0.014
0.082 0.001 0.014
0.000 0.001 0.014
0.000 0.001 0.015
0.000 0.001 0.015
0.001 0.000 0.015
0.013 0.001 0.016
0.000 0.000 0.016
0.001 0.000 0.016
0.027 0.001 0.017
0.001 0.001 0.017
0.002 0.000 0.018
0.001 0.000 0.019
0.011 0.001 0.019
0.002 0.000 0.020
0.002 0.001 0.021
0.000 0.000 0.021
0.000 0.000 0.023
0.000 0.001 0.023
0.000 0.000 0.023
0.000 0.000 0.024
0.000 0.000 0.025
0.000 0.000 0.025
0.000 0.000 0.026
0.000 0.000 0.028
0.000 0.000 0.028
0.000 0.000 0.029
0.000 0.001 0.029
0.000 0.000 0.030
0.000 0.000 0.031
0.000 0.000 0.032
0.000 0.000 0.032
0.000 0.000 0.034
0.000 0.000 0.035
0.000 0.000 0.037
0.000 0.000 0.037
0.000 0.000 0.038
0.000 0.000 0.038
0.000 0.000 0.040
0.000 0.000 0.040
0.000 0.000 0.040
0.000 0.000 0.042
0.000 0.000 0.044
0.000 0.000 0.042
0.000 0.000 0.043
0.000 0.000 0.043
0.000 0.000 0.042
0.000 0.000 0.043
0.000 0.000 0.045
0.000 0.001 0.045
0.000 0.000 0.046
0.000 0.000 0.045
0.000 0.000 0.046
0.000 0.000 0.046
0.000 0.000 0.045
0.000 0.000 0.045
0.000 0.000 0.045
0.000 0.000 0.045
0.000 0.000 0.045
0.000 0.000 0.046
0.000 0.000 0.044
0.000 0.000 0.044
0.000 0.000 0.045
0.000 0.000 0.043
0.000 0.000 0.043
0.000 0.000 0.044
0.000 0.000 0.044
0.000 0.000 0.045
0.000 0.000 0.042
0.000 0.000 0.044
0.000 0.000 0.040
0.000 0.000 0.039
0.000 0.000 0.040
0.000 0.000 0.038
0.000 0.000 0.036
0.000 0.000 0.037
0.000 0.000 0.037
0.000 0.000 0.032
0.000 0.000 0.032
0.000 0.000 0.029
0.000 0.000 0.032
0.000 0.000 0.034
0.000 0.000 0.031
0.000 0.000 0.031
0.000 0.000 0.025
0.000 0.000 0.025
0.000 0.000 0.024
0.000 0.000 0.023
0.000 0.000 0.025
0.000 0.000 0.027
0.000 0.000 0.035
0.000 0.009 0.226
