0.301 0.289 0.035
0.002 0.005 0.003
0.003 0.039 0.003
0.003 0.027 0.003
0.003 0.016 0.003
0.008 0.024 0.002
0.012 0.018 0.003
0.005 0.015 0.003
0.013 0.017 0.003
0.011 0.015 0.003
0.012 0.015 0.003
0.027 0.013 0.003
0.018 0.014 0.004
0.040 0.015 0.004
0.030 0.013 0.004
0.043 0.014 0.004
0.045 0.014 0.004
0.052 0.012 0.004
0.056 0.011 0.004
0.090 0.011 0.006
0.111 0.012 0.004
0.134 0.012 0.004
0.171 0.011 0.004
0.192 0.013 0.005
0.243 0.011 0.005
0.210 0.010 0.005
0.209 0.010 0.005
0.128 0.010 0.005
0.127 0.010 0.005
0.065 0.011 0.006
0.118 0.009 0.006
0.028 0.009 0.006
0.026 0.009 0.006
0.018 0.010 0.006
0.018 0.010 0.006
0.032 0.008 0.008
0.024 0.009 0.006
0.014 0.007 0.006
0.015 0.008 0.006
0.013 0.010 0.008
0.016 0.007 0.006
0.011 0.008 0.006
0.016 0.007 0.006
0.017 0.007 0.006
0.013 0.007 0.006
0.012 0.007 0.006
0.013 0.008 0.007
0.008 0.007 0.006
0.013 0.007 0.007
0.007 0.007 0.007
0.015 0.006 0.007
0.009 0.008 0.007
0.006 0.006 0.007
0.007 0.007 0.007
0.005 0.009 0.007
0.008 0.007 0.007
0.006 0.006 0.007
0.004 0.006 0.007
0.003 0.006 0.007
0.004 0.006 0.006
0.008 0.006 0.006
0.002 0.006 0.006
0.002 0.005 0.006
0.003 0.005 0.006
0.002 0.007 0.006
0.002 0.005 0.006
0.006 0.008 0.006
0.002 0.006 0.006
0.002 0.008 0.006
0.003 0.005 0.006
0.003 0.007 0.006
0.002 0.006 0.006
0.002 0.007 0.008
0.003 0.007 0.006
0.003 0.008 0.006
0.020 0.006 0.006
0.001 0.008 0.006
0.004 0.007 0.006
0.001 0.009 0.007
0.001 0.008 0.008
0.009 0.009 0.006
0.001 0.010 0.006
0.001 0.008 0.006
0.006 0.007 0.006
0.001 0.011 0.006
0.001 0.010 0.006
0.001 0.009 0.006
0.004 0.009 0.006
0.001 0.007 0.006
0.001 0.008 0.006
0.011 0.008 0.006
0.004 0.010 0.006
0.004 0.007 0.006
0.003 0.007 0.006
0.007 0.008 0.006
0.008 0.007 0.006
0.014 0.008 0.007
0.002 0.007 0.007
0.009 0.008 0.006
0.004 0.007 0.006
0.005 0.008 0.006
0.013 0.007 0.006
0.009 0.008 0.006
0.020 0.009 0.006
0.008 0.009 0.006
0.013 0.012 0.006
0.014 0.007 0.006
0.006 0.010 0.006
0.004 0.007 0.006
0.014 0.008 0.006
0.025 0.007 0.008
0.011 0.008 0.006
0.006 0.007 0.006
0.008 0.008 0.006
0.013 0.007 0.006
0.007 0.007 0.006
0.007 0.008 0.006
0.002 0.009 0.006
0.003 0.008 0.006
0.004 0.008 0.006
0.023 0.008 0.006
0.000 0.009 0.006
0.002 0.009 0.006
0.001 0.008 0.006
0.003 0.007 0.006
0.008 0.008 0.006
0.004 0.007 0.006
0.001 0.007 0.006
0.002 0.010 0.006
0.001 0.007 0.006
0.002 0.009 0.006
0.001 0.007 0.006
0.003 0.007 0.006
0.004 0.007 0.006
0.001 0.008 0.006
0.001 0.008 0.006
0.001 0.010 0.006
0.000 0.010 0.006
0.001 0.008 0.007
0.000 0.015 0.007
0.003 0.009 0.007
0.001 0.009 0.006
0.000 0.008 0.006
0.000 0.010 0.007
0.000 0.008 0.007
0.001 0.011 0.007
0.001 0.013 0.007
0.000 0.009 0.007
0.000 0.009 0.007
0.000 0.009 0.007
0.006 0.010 0.007
0.000 0.009 0.007
0.000 0.008 0.008
0.001 0.014 0.008
0.000 0.009 0.007
0.001 0.010 0.007
0.003 0.010 0.007
0.001 0.009 0.007
0.001 0.012 0.007
0.001 0.010 0.008
0.002 0.008 0.008
0.002 0.009 0.010
0.001 0.012 0.008
0.001 0.011 0.008
0.001 0.010 0.008
0.008 0.012 0.008
0.000 0.011 0.008
0.001 0.009 0.008
0.000 0.010 0.008
0.001 0.009 0.009
0.004 0.014 0.009
0.000 0.009 0.009
0.000 0.010 0.009
0.006 0.011 0.011
0.001 0.013 0.009
0.001 0.010 0.010
0.001 0.010 0.009
0.003 0.013 0.009
0.001 0.009 0.009
0.003 0.014 0.009
0.000 0.011 0.009
0.000 0.014 0.010
0.000 0.011 0.010
0.000 0.010 0.010
0.000 0.012 0.010
0.000 0.011 0.011
0.000 0.010 0.011
0.000 0.011 0.011
0.000 0.011 0.011
0.000 0.010 0.011
0.000 0.009 0.012
0.000 0.010 0.011
0.000 0.009 0.012
0.000 0.009 0.012
0.000 0.012 0.013
0.000 0.010 0.013
0.000 0.011 0.012
0.000 0.012 0.013
0.000 0.014 0.013
0.000 0.013 0.012
0.000 0.010 0.012
0.000 0.010 0.012
0.000 0.010 0.013
0.000 0.012 0.013
0.000 0.011 0.013
0.000 0.009 0.013
0.000 0.010 0.013
0.000 0.010 0.013
0.000 0.010 0.014
0.000 0.014 0.014
0.000 0.011 0.014
0.000 0.010 0.014
0.000 0.010 0.015
0.000 0.014 0.015
0.000 0.010 0.018
0.000 0.011 0.016
0.000 0.011 0.017
0.000 0.010 0.018
0.000 0.010 0.018
0.000 0.011 0.018
0.000 0.010 0.018
0.000 0.012 0.020
0.000 0.013 0.018
0.000 0.012 0.019
0.000 0.012 0.019
0.000 0.014 0.019
0.000 0.013 0.019
0.000 0.015 0.021
0.000 0.012 0.022
0.000 0.017 0.023
0.000 0.016 0.021
0.000 0.013 0.021
0.000 0.013 0.022
0.000 0.012 0.021
0.000 0.012 0.024
0.000 0.015 0.022
0.000 0.012 0.025
0.000 0.012 0.026
0.000 0.017 0.032
0.000 0.017 0.036
0.000 0.013 0.033
0.000 0.014 0.032
0.000 0.017 0.030
0.000 0.016 0.036
0.000 0.019 0.033
0.000 0.015 0.044
0.000 0.016 0.040
0.000 0.019 0.044
0.000 0.020 0.049
0.000 0.023 0.043
0.000 0.029 0.045
0.000 0.033 0.047
0.000 0.037 0.060
0.000 0.048 0.078
0.000 0.065 0.120
0.000 0.278 0.473
